10
202
15 68 104 104 159 24 129 64 104 167 14 90 128 154 165 151 5 111 21 94 70 38 140 135 118 133 69 202 34 125 181 146 30 55 62 22 139 199 8 134 71 10 95 27 123 148 39 96 14 160 134 24 170 149 36 84 162 66 139 166 31 202 41 54 68 61 42 36 29 151 79 199 174 171 157 85 47 60 190 131 164 98 37 131 87 169 66 81 118 100 110 110 11 198 52 199 48 149 144 139 46 102 27 121 145 35 164 201 73 15 46 45 122 22 186 87 52 167 38 115 42 37 170 110 86 55 146 5 22 75 57 83 65 188 1 169 29 113 138 47 174 67 90 77 114 79 146 127 182 53 108 197 183 50 160 138 37 73 155 110 107 97 129 22 146 116 72 112 89 90 141 152 90 192 147 21 166 16 87 201 40 166 151 47 109 9 162 112 85 137 55 128 190 64 41 119 24 29 107 140 65 117 
26
4 11 12 22 6 6 16 18 6 3 10 10 22 12 6 20 5 1 21 21 5 13 5 20 20 2 
264
119 48 119 72 53 94 120 87 222 120 76 53 10 254 68 244 17 251 250 211 102 23 165 3 33 43 264 139 222 103 123 243 43 184 207 37 132 210 98 230 106 113 33 163 132 163 136 135 196 104 159 14 20 194 161 200 98 74 152 121 85 49 125 39 129 158 148 23 122 179 72 202 182 32 262 171 109 45 41 77 202 178 28 115 51 15 42 260 25 79 235 86 23 119 122 208 72 186 152 89 253 54 27 236 122 186 177 40 26 260 85 254 34 234 57 171 259 122 230 237 68 241 152 241 247 263 198 74 64 33 223 9 79 20 144 188 174 184 162 71 199 140 124 15 112 103 10 201 70 50 52 143 251 118 198 199 205 17 35 219 30 194 46 70 199 147 229 247 136 8 112 216 12 190 138 104 103 183 167 131 199 69 4 220 111 91 178 14 241 13 72 42 136 59 190 21 14 48 200 141 263 155 260 159 1 42 58 132 81 138 190 17 83 216 185 181 100 237 99 66 148 188 65 46 192 257 99 183 233 215 164 87 231 144 152 35 210 128 185 149 217 176 63 211 147 227 176 250 212 82 160 116 88 214 47 189 196 29 142 92 187 126 237 123 
7
1 6 6 2 2 5 4 
428
101 351 261 263 369 157 48 379 1 331 296 7 141 410 267 193 199 53 99 93 11 36 323 301 113 338 355 185 359 346 39 309 400 221 421 90 108 93 197 41 272 420 221 298 201 406 125 129 137 242 369 167 293 211 5 415 374 129 421 113 88 131 45 344 263 93 80 337 279 4 318 425 8 61 202 346 193 96 333 250 168 152 80 110 420 181 116 138 222 186 299 27 102 168 232 9 30 152 350 405 239 195 335 72 105 283 307 4 307 33 263 185 149 194 271 330 142 38 186 287 245 127 394 352 287 362 298 132 392 16 195 42 275 398 402 155 262 250 424 311 42 186 128 120 186 32 396 83 378 154 309 257 115 250 120 133 242 311 6 25 274 130 31 367 285 29 264 77 164 118 226 2 253 227 243 217 86 414 27 26 192 60 202 89 137 177 298 386 179 338 280 387 297 133 268 124 135 321 34 169 428 251 426 14 278 390 240 317 245 236 373 237 202 260 1 283 92 117 181 135 295 267 97 40 298 292 428 335 396 182 310 230 246 398 72 338 93 333 156 30 226 65 275 203 3 417 291 168 143 102 65 257 403 215 358 100 289 334 4 360 284 50 379 243 249 123 388 410 264 134 225 237 143 318 243 351 394 75 20 235 325 13 140 63 119 312 427 383 80 55 73 144 312 354 26 224 383 304 170 41 188 14 75 375 254 58 109 183 14 394 412 346 72 117 65 34 318 342 155 378 423 214 422 361 177 325 297 405 263 132 373 52 241 382 68 354 38 403 396 284 19 195 238 79 202 404 336 14 293 272 242 268 85 291 191 269 193 250 428 112 219 256 46 86 27 149 357 244 361 9 260 254 411 252 69 87 181 165 387 409 169 63 412 350 82 303 409 49 174 405 297 268 377 361 30 373 261 344 68 124 151 315 264 296 255 362 287 104 234 253 360 402 274 377 284 101 375 245 102 161 329 198 91 410 11 225 297 212 
196
148 158 95 181 169 22 147 120 87 171 123 111 176 64 148 35 177 150 82 151 60 34 121 75 23 94 182 115 98 67 59 80 49 48 21 12 119 174 47 89 64 96 89 81 138 126 136 43 30 155 186 189 189 13 190 57 129 30 186 28 25 175 105 173 7 160 7 17 149 156 2 170 132 98 48 44 11 5 61 57 184 149 193 88 80 1 190 34 82 72 190 145 179 36 110 192 159 96 65 141 144 153 146 152 182 145 141 161 96 94 75 2 57 118 170 100 30 54 181 62 196 81 22 57 116 118 134 1 17 62 34 194 188 59 178 179 139 127 195 118 192 63 28 129 195 22 125 30 159 125 124 38 99 30 69 42 38 150 49 87 149 53 82 192 179 65 122 1 151 73 15 12 195 31 91 8 69 107 95 183 80 152 83 14 63 175 186 2 179 60 148 158 17 20 71 123 
482
430 362 148 231 184 241 46 389 115 112 220 218 363 168 164 371 122 312 70 344 260 139 62 284 131 413 53 146 250 288 123 296 55 322 160 367 136 240 14 77 228 193 341 229 253 194 318 122 402 339 63 365 268 126 463 384 16 58 385 254 293 96 57 442 14 124 340 219 452 72 406 374 468 471 8 6 235 138 424 20 97 160 62 124 341 328 312 435 396 39 143 296 409 183 399 71 159 300 373 94 111 38 240 35 409 228 195 61 418 230 122 147 15 208 405 86 326 197 208 254 285 211 473 319 476 246 401 187 52 280 34 149 42 449 269 128 156 370 152 18 375 98 347 270 348 12 415 321 477 19 289 41 298 179 256 366 298 60 96 133 188 147 339 284 342 75 86 10 288 139 284 246 339 462 384 478 315 131 471 211 66 149 421 319 397 399 129 14 36 116 415 57 473 289 12 169 175 342 331 199 355 467 220 143 147 401 474 482 245 411 320 362 134 457 400 310 246 19 186 214 297 31 419 220 126 188 385 227 350 450 261 460 67 481 156 460 235 303 29 411 132 68 467 127 232 241 118 315 268 453 336 299 260 44 334 139 350 132 477 193 235 84 77 369 409 367 46 177 112 104 310 194 422 375 198 97 441 460 412 328 95 70 68 97 115 229 456 284 39 424 38 264 444 382 341 47 74 223 59 84 287 167 41 286 228 351 223 251 208 286 342 66 110 389 77 294 272 391 259 364 440 393 388 104 431 149 389 379 175 28 271 427 73 50 174 337 11 310 379 355 216 301 9 184 229 304 462 283 138 18 127 128 473 75 325 247 243 241 346 129 445 408 100 204 432 458 438 429 316 42 151 48 144 9 359 89 114 334 259 424 326 425 440 193 316 116 208 263 25 156 277 472 472 187 348 146 75 371 425 255 158 190 117 123 117 113 290 74 36 140 474 75 388 449 250 143 224 403 85 1 354 231 263 299 407 28 463 50 307 457 324 201 11 160 322 372 460 25 96 353 297 405 31 433 277 355 19 398 21 307 52 367 368 14 349 53 248 112 39 103 136 153 411 41 339 355 376 342 86 53 273 42 132 342 234 375 238 144 120 299 248 410 
501
4 133 224 155 48 10 362 364 162 402 496 207 282 98 319 10 102 464 15 189 69 474 495 267 335 234 11 62 166 259 359 89 368 322 107 351 429 379 417 81 142 354 257 199 188 19 211 111 261 62 213 462 145 444 65 229 137 87 363 56 255 154 88 238 34 142 493 466 272 278 443 352 351 355 301 159 407 35 86 165 311 29 462 331 7 269 241 129 58 442 492 184 46 405 27 56 324 46 485 344 435 501 131 200 90 337 327 174 380 284 326 141 164 477 182 425 461 254 120 53 273 283 293 407 306 348 114 481 482 489 212 304 474 454 376 471 265 233 12 118 425 435 439 465 421 495 269 372 443 403 480 268 116 386 252 267 331 389 287 428 247 462 134 301 249 173 465 56 493 411 319 419 35 64 478 78 243 344 112 62 45 341 110 477 391 354 351 198 453 164 14 290 334 461 188 165 1 211 22 182 73 255 416 42 249 115 196 20 298 435 336 244 129 64 464 99 437 160 463 68 47 30 62 465 261 328 156 233 459 250 44 86 492 338 222 396 237 257 287 185 215 142 29 458 429 226 34 410 436 89 80 63 482 219 485 210 218 364 39 485 20 215 88 443 337 277 70 324 105 181 155 166 132 76 342 44 181 233 356 111 473 439 419 219 369 165 496 260 215 439 135 278 412 23 389 106 228 50 316 481 280 152 381 139 290 339 31 412 259 453 325 326 73 147 176 169 169 477 191 493 148 141 168 270 426 136 166 229 446 255 441 487 428 416 2 300 283 130 48 332 224 102 243 42 3 381 475 421 370 181 460 300 353 470 181 310 430 361 232 200 501 41 80 329 428 125 348 421 99 186 409 39 238 106 305 135 147 30 18 19 214 430 113 82 421 290 138 221 420 171 163 372 219 410 59 489 429 130 481 385 158 236 384 231 176 433 147 182 369 115 8 263 467 342 387 417 321 168 48 142 312 348 173 369 480 366 465 417 215 26 31 30 424 264 428 318 484 92 97 460 151 57 197 208 323 449 330 218 296 118 193 142 15 171 190 116 52 158 454 320 141 498 29 345 391 364 212 32 237 262 256 245 99 267 7 90 160 233 341 418 356 240 24 241 110 222 23 39 291 96 478 175 106 11 390 57 145 259 149 348 45 
213
167 122 133 152 100 151 120 12 116 139 86 140 12 42 130 150 104 109 74 94 154 180 31 76 18 192 20 90 4 188 146 135 88 192 111 67 182 177 57 42 96 17 92 31 160 9 198 203 136 125 54 28 65 102 74 104 41 171 141 210 205 184 58 161 191 49 197 66 77 20 54 194 136 15 187 182 134 158 124 33 17 123 96 118 186 170 190 47 5 128 58 45 25 156 132 97 26 133 67 15 170 49 55 83 77 192 57 63 139 83 81 128 163 186 68 198 213 25 191 49 16 153 202 137 21 78 4 135 41 183 146 4 180 1 187 3 169 145 67 160 4 99 5 101 7 32 98 135 182 89 95 196 25 206 79 212 17 130 114 122 6 183 3 136 194 109 123 8 204 145 54 199 171 119 64 98 27 142 176 207 148 39 60 33 68 71 40 152 177 45 47 160 159 65 15 75 3 60 87 133 50 69 142 95 169 194 17 173 42 115 98 71 17 
316
39 15 144 291 267 61 275 302 231 312 15 150 235 36 100 200 198 193 195 160 187 68 284 158 219 204 314 153 39 53 6 150 170 153 229 157 243 285 189 11 316 280 267 97 13 241 3 225 237 224 251 135 201 77 180 57 153 204 61 106 90 303 69 307 64 263 199 196 75 229 277 44 139 10 131 68 100 163 172 255 245 72 267 92 165 282 117 21 311 253 297 42 206 146 82 307 149 288 272 294 18 249 307 13 124 119 239 88 102 56 237 263 180 142 107 35 146 126 164 312 53 309 175 119 18 220 220 50 216 133 128 186 103 21 264 106 229 16 104 125 117 13 298 16 241 32 290 86 87 66 239 90 271 285 268 45 305 218 179 114 163 156 302 116 204 245 311 182 198 139 198 226 131 209 87 235 212 126 12 302 22 30 234 156 219 196 90 273 266 194 286 2 56 15 110 192 240 187 301 124 105 266 126 64 19 278 235 40 89 60 182 52 129 14 93 299 116 7 2 53 309 202 20 160 239 212 132 2 222 236 216 66 80 116 82 288 230 312 283 37 130 235 187 241 263 131 117 42 239 81 86 303 217 167 5 243 147 205 141 147 269 164 69 125 295 61 206 137 16 60 221 62 84 286 25 60 11 61 298 292 134 41 34 267 276 190 295 60 287 45 194 272 283 279 314 222 72 132 75 267 90 39 267 236 240 159 148 295 81 301 50 287 12 237 153 134 
